(
seq1:0.00000,
seq2:0.13921,
seq3:0.13921);
